104
106
91
68
23
72
43
107
20
53
114
84
70
57
83
22
116
73
22
89
34
85
113
58
66
58
95
63
76
58
65
29
45
89
35
104
119
34
71
34
115
80
53
98
49
43
46
109
96
117
60
56
85
81
43
94
21
54
39
76
69
93
107
95
93
57
103
78
85
58
81
25
36
74
63
114
22
31
21
99
78
59
29
34
25
108
97
55
56
84
110
95
92
78
92
49
52
105
113
73
59
71
56
86
68
50
87
54
60
70
63
71
61
53
56
59
56
63
86
71
67
74
87
68
51
60
77
52
68
74
72
80
45
46
61
48
83
88
60
51
78
49
61
74
52
58
46
52
77
50
52
50
80
75
54
72
65
76
45
82
52
57
86
83
65
78
89
70
49
77
66
84
57
89
72
69
57
68
67
78
68
65
88
47
60
82
61
65
87
55
83
64
51
66
62
67
79
53
54
51